0.011468 0.011472 0.011476 0.011478 0.011474 0.011463 0.011473 0.011478 0.011469 0.011469 0.011481 0.011477 0.011466 0.011474 0.011478 0.011472 0.011470 0.011468 0.011472 0.011470 0.011470 0.011464 0.011466 0.011471 0.011469 0.011475 0.011466 0.011477
0.011469 0.011474 0.011474 0.011476 0.011474 0.011470 0.011473 0.011476 0.011475 0.011471 0.011497 0.011619 0.011475 0.011612 0.011971 0.012261 0.012325 0.011931 0.011666 0.011476 0.011466 0.011465 0.011468 0.011475 0.011484 0.011474 0.011483 0.011468
0.011474 0.011462 0.011471 0.011472 0.011473 0.011472 0.011476 0.011472 0.011473 0.011470 0.011752 0.012431 0.012650 0.012896 0.014972 0.017526 0.054427 0.055857 0.053868 0.026179 0.014218 0.012882 0.012166 0.011534 0.011471 0.011471 0.011471 0.011473
0.011474 0.011465 0.011472 0.011476 0.011469 0.011471 0.011522 0.011740 0.012559 0.013352 0.014752 0.017906 0.021480 0.026588 0.046227 0.068301 0.080666 0.074144 0.066060 0.070388 0.036987 0.017977 0.012942 0.011529 0.011477 0.011473 0.011466 0.011468
0.011463 0.011470 0.011482 0.011472 0.011553 0.011971 0.012391 0.013295 0.016136 0.024811 0.046308 0.061910 0.101315 0.116434 0.155803 0.232622 0.322396 0.380286 0.329111 0.246867 0.192206 0.131726 0.044097 0.015749 0.011903 0.011470 0.011465 0.011460
0.011476 0.011460 0.011485 0.011502 0.012253 0.013808 0.017960 0.026132 0.039306 0.053643 0.076924 0.094265 0.110149 0.160391 0.334614 0.509621 0.673068 0.679380 0.619531 0.523901 0.390740 0.225866 0.127356 0.084529 0.019776 0.012713 0.011664 0.011471
0.011479 0.011476 0.011472 0.011988 0.013736 0.017852 0.032462 0.034919 0.045512 0.066240 0.082650 0.093215 0.143442 0.342594 0.628189 0.787143 0.807108 0.764145 0.729043 0.645817 0.507469 0.341847 0.176710 0.109722 0.031081 0.013823 0.012066 0.011912
0.011473 0.011472 0.011674 0.013383 0.016664 0.028763 0.033027 0.039154 0.053582 0.086714 0.096705 0.155748 0.367521 0.702820 0.841303 0.836071 0.818306 0.772689 0.693818 0.701365 0.649980 0.458403 0.226385 0.130571 0.032974 0.017174 0.013384 0.011811
0.011471 0.011468 0.011635 0.014186 0.022280 0.034946 0.037198 0.049340 0.081851 0.125602 0.189213 0.417590 0.727408 0.860917 0.850136 0.768410 0.649352 0.614852 0.581430 0.636243 0.654225 0.560866 0.288918 0.150499 0.043841 0.021176 0.012416 0.011471
0.011468 0.011573 0.011683 0.014285 0.027646 0.038656 0.047117 0.065229 0.112689 0.180639 0.398466 0.762380 0.843776 0.846121 0.701601 0.486607 0.404994 0.392747 0.387084 0.556477 0.664094 0.619622 0.377261 0.186821 0.039316 0.014948 0.011657 0.011474
0.011479 0.011483 0.011987 0.015163 0.032393 0.045269 0.058805 0.088991 0.157590 0.381631 0.729106 0.849644 0.841064 0.712381 0.434687 0.252359 0.216632 0.211631 0.251136 0.405992 0.660695 0.702565 0.480991 0.196564 0.022432 0.012389 0.011640 0.011465
0.011461 0.011462 0.011916 0.014312 0.026317 0.057287 0.072411 0.125683 0.281731 0.683534 0.841513 0.818444 0.699336 0.415335 0.205973 0.161039 0.164586 0.131475 0.159115 0.304510 0.632612 0.741239 0.531544 0.218740 0.020004 0.011713 0.011898 0.011475
0.011473 0.011471 0.011694 0.013026 0.022886 0.065854 0.093779 0.188894 0.553281 0.834673 0.836505 0.689926 0.379458 0.183915 0.130946 0.134098 0.132144 0.115999 0.151562 0.273148 0.635687 0.752871 0.586879 0.213906 0.020919 0.011810 0.011799 0.011461
0.011470 0.011467 0.011566 0.011894 0.019523 0.069299 0.124601 0.359242 0.735373 0.843251 0.705364 0.381727 0.187054 0.103451 0.103891 0.113057 0.110252 0.100006 0.147517 0.294682 0.683250 0.790630 0.597929 0.205731 0.021348 0.011900 0.011513 0.011467
0.011469 0.011471 0.011480 0.011904 0.017250 0.083201 0.208246 0.588937 0.797540 0.761229 0.455582 0.184478 0.093366 0.087061 0.101910 0.119958 0.101996 0.102999 0.166990 0.382406 0.719993 0.780802 0.543491 0.168534 0.032240 0.011861 0.011491 0.011477
0.011473 0.011465 0.011467 0.012004 0.016485 0.149345 0.365925 0.692270 0.817277 0.650665 0.290023 0.102239 0.080793 0.090401 0.112936 0.126901 0.105045 0.124101 0.240303 0.509162 0.749062 0.710713 0.412041 0.130153 0.047237 0.012535 0.011805 0.011474
0.011467 0.011471 0.011483 0.012011 0.022925 0.243975 0.492650 0.776100 0.771541 0.489518 0.174304 0.090743 0.085972 0.105223 0.138655 0.126658 0.125116 0.176278 0.388856 0.648420 0.703599 0.582754 0.267057 0.099895 0.047058 0.012489 0.011610 0.011482
0.011473 0.011458 0.011555 0.012784 0.077197 0.328845 0.586580 0.768077 0.694631 0.363834 0.109470 0.078557 0.086273 0.110344 0.144131 0.161025 0.209994 0.344952 0.624450 0.719313 0.606267 0.338511 0.147069 0.080616 0.049159 0.013451 0.011472 0.011475
0.011465 0.011471 0.011791 0.014243 0.126081 0.356488 0.609375 0.738719 0.621558 0.297216 0.117795 0.082075 0.093273 0.124341 0.183656 0.258129 0.416836 0.652884 0.749693 0.649776 0.364723 0.150155 0.089854 0.061342 0.034593 0.012299 0.011472 0.011467
0.011462 0.011468 0.011855 0.018333 0.136069 0.341309 0.616428 0.715377 0.618783 0.358111 0.213290 0.161202 0.165167 0.222501 0.357387 0.524268 0.704510 0.758401 0.664639 0.436576 0.181322 0.100967 0.065755 0.051810 0.016300 0.011959 0.011470 0.011471
0.011469 0.011471 0.012003 0.024186 0.133561 0.270228 0.561625 0.699662 0.679780 0.531085 0.413005 0.388265 0.469917 0.598599 0.731625 0.792320 0.790269 0.691619 0.431498 0.169638 0.100793 0.068054 0.052024 0.038404 0.014506 0.012092 0.011742 0.011475
0.011470 0.011472 0.012222 0.020558 0.098529 0.192348 0.413218 0.686700 0.791392 0.831414 0.785050 0.764617 0.797603 0.818348 0.828789 0.795105 0.662726 0.408653 0.171862 0.085248 0.059489 0.049344 0.041458 0.017669 0.013328 0.011854 0.012153 0.011464
0.011463 0.011470 0.011774 0.014961 0.065328 0.129781 0.234718 0.473295 0.723883 0.830131 0.867422 0.857446 0.830281 0.788018 0.696933 0.535732 0.304508 0.139699 0.073083 0.056759 0.045584 0.039800 0.018228 0.013237 0.011918 0.011599 0.011740 0.011459
0.011478 0.011472 0.011517 0.012746 0.020394 0.062715 0.105835 0.204637 0.422806 0.628600 0.698033 0.691063 0.596964 0.410300 0.288170 0.179095 0.103449 0.067565 0.049880 0.045735 0.036446 0.019133 0.013916 0.013012 0.011663 0.011473 0.011478 0.011472
0.011479 0.011470 0.011473 0.012362 0.015345 0.021495 0.035261 0.071675 0.096883 0.125567 0.151278 0.167391 0.144225 0.114645 0.096664 0.070586 0.057091 0.043625 0.035526 0.029568 0.018723 0.013464 0.012364 0.012190 0.011613 0.011474 0.011467 0.011470
0.011477 0.011466 0.011471 0.011518 0.012346 0.014837 0.022951 0.045587 0.053835 0.056385 0.062802 0.058587 0.053372 0.049231 0.046196 0.043858 0.040157 0.030910 0.018531 0.015014 0.013375 0.011709 0.011753 0.011790 0.011541 0.011472 0.011475 0.011476
0.011474 0.011474 0.011468 0.011515 0.012053 0.012701 0.017072 0.024121 0.034277 0.039417 0.039814 0.029088 0.022031 0.027754 0.032568 0.032915 0.023536 0.015605 0.013036 0.012164 0.011642 0.011520 0.011480 0.011476 0.011475 0.011469 0.011476 0.011470
0.011471 0.011468 0.011474 0.011472 0.011471 0.011723 0.012063 0.012318 0.012333 0.011893 0.011771 0.011757 0.012260 0.012590 0.012413 0.012466 0.012683 0.012129 0.011870 0.011595 0.011481 0.011483 0.011480 0.011466 0.011481 0.011468 0.011473 0.011473
